1.670713824217558430e-01
1.526828392512205590e-01
1.039763483582541309e-01
3.493662674091538300e-02
3.671642243149118856e-02
8.840609024065988752e-02
1.099140604345684447e-01
9.855336705449907475e-02
6.171938692632329693e-02
1.885308613489109636e-02
3.783790058910414117e-02
6.258768405597303630e-02
6.465419535444988375e-02
4.657863154714748932e-02
2.009876703754988683e-02
2.023278219837238226e-02
3.698841330380115561e-02
4.123613377212687059e-02
3.212688818305680510e-02
1.461604758923408867e-02
9.484257968210757506e-03
2.487788098851425114e-02
3.353664546930226753e-02
3.300753385307507448e-02
2.527407101682048116e-02
1.614320243214379530e-02
1.647340255254155922e-02
2.316682947473482773e-02
2.646052423451279029e-02
2.480682103358519339e-02
2.256132950168743961e-02
2.543221150264781544e-02
3.088422218463515723e-02
3.275317933476137172e-02
2.804208703518540347e-02
1.753402229265400153e-02
4.942252229893031971e-03
8.616179607433358673e-03
1.556296762520279799e-02
1.650086208225548870e-02
1.242354559483492896e-02
6.628665977450709512e-03
5.422920104487042627e-03
8.542948648285943886e-03
1.101615098274283909e-02
1.255747218854819103e-02
1.342998158196295234e-02
1.246016623415990322e-02
1.047433052568958953e-02
9.616789487409729484e-03
