2.635525567302309247e-01
2.265347856307843022e-01
1.298032640670929994e-01
2.815563918915323094e-02
4.513647034937685876e-02
6.858482287949707601e-02
5.474540492417341586e-02
2.360960196320945753e-02
4.339933440245058970e-03
4.535212993268795609e-03
1.403794866786485171e-02
2.531971090234510363e-02
2.294237919263730427e-02
2.362707422059652854e-02
3.205620435065152651e-02
3.252343755677001430e-02
2.341049189563463445e-02
8.312636413355199011e-03
1.875991363336387482e-02
3.146655276396892464e-02
2.901558432015896583e-02
2.801826157396063860e-02
4.336176795910068327e-02
5.169801492787350072e-02
4.978734201368181789e-02
4.979906370839381341e-02
4.805828567840226412e-02
3.072763433077199680e-02
8.962997290589105187e-03
2.928783499933574480e-02
3.569923603118218408e-02
2.370047297463434913e-02
1.231169229150632857e-02
2.629455549502474759e-02
3.876497793345681092e-02
4.225676386615473401e-02
4.267144439791466931e-02
5.426268504213314914e-02
6.748041223488596141e-02
6.301440950706646560e-02
4.111360128446252260e-02
2.339547357369367239e-02
2.110459907224853521e-02
1.451903170817663360e-02
9.660655995989713210e-03
1.933702583252156978e-02
2.540268508325490421e-02
1.967711368550578016e-02
9.965312857386681225e-03
2.761727522326696757e-02
