1.906739727247555027e-01
1.703071755993807168e-01
1.210553582066953016e-01
5.200571420754318552e-02
2.512445495393395012e-02
9.285226666728048361e-02
1.399437937985838487e-01
1.572124500384045054e-01
1.418543498483705589e-01
9.766581972010839052e-02
3.401462127625932280e-02
3.584367913156959184e-02
9.764065987966803750e-02
1.390173032070703973e-01
1.516634025505864403e-01
1.331486516762384331e-01
8.724692777136200394e-02
2.376236622172355969e-02
4.353501566711100168e-02
1.003754097910026788e-01
1.352413311274852370e-01
1.417195184478734771e-01
1.189012140707272902e-01
7.176549062079348729e-02
1.011493602804739225e-02
5.309191407842277222e-02
1.046836387404489060e-01
1.341775364943493254e-01
1.363597058326484757e-01
1.115174714437807690e-01
6.523305466522019702e-02
1.275379822447845687e-02
5.552401564623354879e-02
1.034928354313544990e-01
1.318591126162044769e-01
1.352603344083851411e-01
1.131361611062600137e-01
6.983768374569929160e-02
1.450120709586511999e-02
4.628126333989090319e-02
9.557758678824801457e-02
1.261233475838857698e-01
1.320289615674342110e-01
1.120007024545881247e-01
7.011873545375299499e-02
1.910156427461516537e-02
4.944041875650974360e-02
9.848884202714894287e-02
1.292420839701662050e-01
1.345356863034621320e-01
