2.092129948305262166e-01
1.944367361606137712e-01
1.413096533759388151e-01
6.567233983688325338e-02
1.703493723332136223e-02
7.212845604988360471e-02
9.819339293795280310e-02
9.006808014136659379e-02
5.600943283764976688e-02
1.873906032847658457e-02
4.102441995267548658e-02
6.483620985621511845e-02
6.668074651688858656e-02
4.770080684195343590e-02
1.651260208681152447e-02
1.894677405116596686e-02
4.229800257244992895e-02
5.021127762789098087e-02
4.149131974439304593e-02
2.051647716828166115e-02
4.963605702798515838e-03
2.635810149064652524e-02
3.835172479643632337e-02
3.919104629354724229e-02
3.085212601699183210e-02
1.752196644832112321e-02
4.231274684887713529e-03
7.962773332809753093e-03
1.443660230795402490e-02
1.625333433458316101e-02
1.405989367279686375e-02
9.204843350265312293e-03
3.260040605285354030e-03
2.240546652570065203e-03
5.405144941006907559e-03
6.022276572505439775e-03
4.709091346978581602e-03
6.915120803109105554e-03
1.454040485430262500e-02
2.338412540007004173e-02
3.026130401312993740e-02
3.218882935510489901e-02
2.720711793512846019e-02
1.541145846098749758e-02
2.952270066628302596e-03
1.888287084435750357e-02
3.239877866222012209e-02
3.856918860858073866e-02
3.546314636707483675e-02
2.399164201700396126e-02
