1.906983421899706432e-01
1.714507693552811962e-01
1.222250638763446168e-01
5.285416607303992931e-02
2.618137493753840833e-02
9.352889955033985570e-02
1.406041680131975280e-01
1.579246241411827456e-01
1.428566530547196733e-01
9.877071333163597866e-02
3.520273349932549062e-02
3.502243288572313290e-02
9.581462580781677230e-02
1.356237939868419340e-01
1.466245464222641071e-01
1.272524210447309456e-01
8.208249223175442810e-02
2.185706489611665554e-02
4.308949459538753690e-02
9.563888982546328577e-02
1.274447296363881432e-01
1.325896442690162880e-01
1.107194848816841076e-01
6.690507130888517784e-02
1.067304275536817490e-02
4.695876236266263021e-02
9.342893705686389216e-02
1.204188288789671546e-01
1.236195355448596739e-01
1.032429259668696392e-01
6.404428961509835150e-02
1.421803174883160860e-02
3.688398947110595183e-02
7.926055590877435775e-02
1.055360285087285216e-01
1.114774627603343921e-01
9.665779641394114940e-02
6.466108140482162980e-02
2.232272859469836696e-02
2.570099647175107596e-02
6.527718337600438292e-02
9.243424827248744591e-02
1.021583628614081973e-01
9.268522406501979172e-02
6.535153469238508261e-02
2.544084404143922423e-02
2.318879507521039857e-02
6.547327438273400912e-02
9.638171292163216775e-02
1.086775908410033964e-01
