2.043652704836089740e-01
1.876074479660699845e-01
1.389193517624772445e-01
6.798283449916256438e-02
1.246924526406159237e-02
8.367630933702965845e-02
1.338137280771747595e-01
1.529241761261246890e-01
1.378641800947857377e-01
9.247657569439407532e-02
2.679457310375776835e-02
4.468516189462327926e-02
1.066491156034081039e-01
1.464361856147393115e-01
1.564347922279538672e-01
1.353719468357333366e-01
8.805203132479742789e-02
2.641029409810829315e-02
4.536373079096120420e-02
1.003629451961688679e-01
1.340735337682314454e-01
1.396662173302548604e-01
1.165687380699243630e-01
7.012173538214572233e-02
1.120715590671827154e-02
5.275950766663171226e-02
1.032743330326348907e-01
1.330339730150721933e-01
1.364887855432816433e-01
1.131655370668747801e-01
6.789216028836983496e-02
1.191275233396477638e-02
5.120761474372725885e-02
9.926702118684692377e-02
1.269957962717327971e-01
1.290487422756990410e-01
1.050218464446191213e-01
5.982136779724520764e-02
1.191330035064116881e-02
6.057706568221978699e-02
1.085831804524619582e-01
1.359946572886456539e-01
1.367376286901818561e-01
1.107671162690457151e-01
6.302515716727227768e-02
6.738701413520072070e-03
5.873154156671865633e-02
1.075243436067278846e-01
1.348555845824567501e-01
1.349533129727254199e-01
