1.990754096214915614e-01
1.892481578534798703e-01
1.404498314296315220e-01
6.766193982678234131e-02
2.652690189323609476e-02
8.060132766105890245e-02
1.114071757576738930e-01
1.065579723160965386e-01
7.180579560717517684e-02
2.421703042267170716e-02
3.515904823198832269e-02
6.746915088364101309e-02
7.766329894879969720e-02
6.444102785262766087e-02
3.443232455785584512e-02
2.671200067601713600e-03
3.019741497506587755e-02
4.503269237391412105e-02
4.346859144328250879e-02
2.822096881508759370e-02
6.085447900397216760e-03
1.834844984272063217e-02
3.571759863204539143e-02
4.418951357336316915e-02
4.301226566970893506e-02
3.408961556297025047e-02
1.995964531642467621e-02
1.257368302973461451e-02
2.376977047362262632e-02
3.393823053725820299e-02
3.615899248132661836e-02
2.935290546266012754e-02
1.771481823798443794e-02
1.865497227252468915e-02
3.167168897574766662e-02
3.989120728755257000e-02
3.739327235331488947e-02
2.505836009835359784e-02
9.832600064685640892e-03
2.130974617785556108e-02
3.831791294361394651e-02
4.841600807082233754e-02
4.909231899895775963e-02
4.208711331330938776e-02
3.076266669504793688e-02
2.059276780846568469e-02
2.146912247120684805e-02
3.073856194180431961e-02
3.977501612924379260e-02
4.458586547258727023e-02
