2.106961268753160255e-01
1.897836852661153595e-01
1.309183598287285422e-01
5.110649559339973391e-02
2.844204974037480710e-02
8.510635194750393318e-02
1.072000267820207575e-01
9.311827281620453645e-02
5.246845292598344146e-02
2.824995357931484215e-03
3.999387141430230108e-02
6.125398604955965831e-02
5.774068864971743098e-02
3.416984417221571868e-02
2.376791677073733944e-03
2.919029010531862950e-02
4.720856218683628508e-02
4.908367779879411336e-02
3.684883203296979159e-02
1.653079354509475254e-02
4.447515671127911033e-03
2.016845488636723194e-02
2.751370381322815889e-02
2.650782280948707492e-02
1.946891182529520564e-02
9.407105767871039997e-03
2.285522151613197592e-03
1.130425362750547141e-02
1.893413571540726939e-02
2.371387806273618851e-02
2.465413346289149071e-02
2.137663136235196451e-02
1.470882147992574884e-02
6.207767350236648163e-03
1.821337694515671665e-03
7.384164388919679800e-03
9.444189835657982451e-03
8.513628521194058912e-03
8.468584453668461659e-03
1.336476958395568272e-02
2.047490215469194991e-02
2.641676449784265482e-02
2.903430076528056361e-02
2.691376918351718814e-02
2.022801267171337944e-02
1.115539345176935239e-02
7.506644147902460928e-03
1.304806937077058158e-02
1.620349514317091094e-02
1.428070980517986456e-02
