2.114948364122347102e-01
1.801620024439966050e-01
1.119609620327689931e-01
2.691875269788788355e-02
5.151381041399891864e-02
1.027438564970962476e-01
1.167640315839601761e-01
9.563735948131321662e-02
5.187480299364904957e-02
1.252180667057728111e-02
4.418406415133670218e-02
6.686978754170055939e-02
6.920374594487216369e-02
5.467052599043589062e-02
3.027464317557879842e-02
7.697887896684942055e-03
2.342174444281916110e-02
3.772962964659760943e-02
4.109443968229322536e-02
3.297648831094297794e-02
1.589321127241091064e-02
5.667413534212887086e-03
2.619021885340102121e-02
4.035733744920598498e-02
4.563983187840505579e-02
4.125548229266710887e-02
2.916276013973995163e-02
1.324342604439359382e-02
6.125886303214951936e-03
1.678935783048831482e-02
2.311283033826820599e-02
2.320178866373747567e-02
1.793829234276438783e-02
1.192966536797115604e-02
2.224005454765847281e-02
4.225628476502331365e-02
6.147322125152395594e-02
7.260681003950884838e-02
7.007330454124613417e-02
5.209375301952685888e-02
2.256151488084427031e-02
1.247547658936413832e-02
3.922641640515169004e-02
5.291035757371894549e-02
4.972628112974762649e-02
3.301138016570340228e-02
1.222978794892339537e-02
2.051859304231495179e-02
3.475050748412174262e-02
3.711899611934293269e-02
