2.500360013330717446e-01
2.267875004583212450e-01
1.562729470679474209e-01
5.803585835348227390e-02
4.668484154869880637e-02
1.181596639757820366e-01
1.456563532121125659e-01
1.244481646962287691e-01
6.588686935416072921e-02
2.466006434762034114e-02
8.300786301675897039e-02
1.180063737666839085e-01
1.141528221804551518e-01
7.615883420581701091e-02
2.074869472784243371e-02
3.621803443421001134e-02
7.171249298136642136e-02
8.110420821817822257e-02
6.689348050964100123e-02
3.944928230102486694e-02
1.138549016023486862e-02
8.873931973202051765e-03
1.696248691332489372e-02
1.769930847665549326e-02
1.768968116192727591e-02
1.845345809888683866e-02
1.902908934595903476e-02
2.279327688049440775e-02
3.057653755905904644e-02
3.722882971320821271e-02
3.836228856229638440e-02
3.325721401248522141e-02
2.515685531019640903e-02
2.101590110880511772e-02
2.409529474334311250e-02
2.777362178685485739e-02
2.773549194997023196e-02
2.425982921901913628e-02
2.050736376870592598e-02
1.983379527150146843e-02
2.170437228982985065e-02
2.408916489664615981e-02
2.768991167636981540e-02
3.335123082241693571e-02
3.926962891138487816e-02
4.241656344921261590e-02
4.084805066220201231e-02
3.489279197846349712e-02
2.796664632411516999e-02
2.490305706929764676e-02
