2.354052388081432912e-01
1.839918839283288254e-01
9.268176557177092156e-02
2.274610636362491695e-02
3.567687564696254976e-02
3.692007647462704906e-02
1.948279546086699801e-02
1.674599769305686785e-03
1.448095152573548004e-02
3.594233497294030411e-02
5.592140782825177903e-02
5.608539733424895701e-02
3.888201300449199704e-02
2.129993239858108886e-02
1.188848036490010654e-02
1.146709338460540420e-02
1.182709925529501147e-02
1.245551900898126188e-02
1.252038500862532808e-02
1.597028320368698920e-02
1.992775839370853133e-02
1.417336831128967675e-02
1.692180426203595059e-02
3.492289365648208743e-02
3.925594215610547777e-02
1.886812634106788816e-02
2.010280815049572678e-02
5.181575197946083206e-02
5.798744990919936504e-02
3.752100473478153092e-02
2.505310226881606386e-02
5.077395919005880248e-02
6.515482233918028221e-02
6.222439456232427279e-02
5.877138664753702585e-02
5.761977766168489140e-02
4.820815451557815962e-02
3.505277127510476876e-02
2.320457846301673607e-02
1.173534018763313334e-02
2.896276835545186223e-02
4.116327421782467466e-02
3.596888015041518200e-02
2.172677429343180047e-02
1.000900643474661803e-02
1.126536761145334117e-02
1.664824796480184749e-02
1.072692698641930162e-02
6.783443000566356969e-03
2.230897441988068802e-02
