1.174911331925514862e-01
1.041538590545171977e-01
7.157939645121476346e-02
3.029313930180756870e-02
2.306897396316460319e-02
5.129284039641960474e-02
6.408468851572587943e-02
5.831955928038194681e-02
3.986729266517057696e-02
2.617359661308580471e-02
3.648446382072120103e-02
4.886443384490814917e-02
4.994054767707219872e-02
3.917146452443077270e-02
2.255334297403787519e-02
1.450767154820962503e-02
2.287640801914057886e-02
2.961416834637788445e-02
3.019233030229811002e-02
2.627178194461652835e-02
2.045738451623486248e-02
1.485268212260922906e-02
1.028087657437048996e-02
7.105683976921127118e-03
6.710083838755776138e-03
9.003240414562716648e-03
1.213285606904709532e-02
1.386202423690342279e-02
1.230221708443278439e-02
5.914350775756705911e-03
5.290346905169322766e-03
1.799102170734313139e-02
2.894572780764121875e-02
3.398851413091254214e-02
3.039970034605403090e-02
1.818948833778077576e-02
2.937023391036395949e-03
2.012195529267703925e-02
3.575412339737567280e-02
4.370908651976426751e-02
4.212578860656872315e-02
3.290720024276835159e-02
1.975344519103913732e-02
8.490639176370797653e-03
7.113953476915541030e-03
1.107355358079199770e-02
1.608571950365214262e-02
2.321402036522507428e-02
2.934852390752580933e-02
3.080865836633197088e-02
