1.997843071550470528e-01
1.830004197454084269e-01
1.289506913351942674e-01
5.384746131167646166e-02
2.331250076844418664e-02
7.727308701866353324e-02
9.975542781125380787e-02
8.851064072580180908e-02
5.214584198644950375e-02
1.358472705712619223e-02
4.401272946533527075e-02
7.035123138000917709e-02
7.427548737431058368e-02
5.609393287097554776e-02
2.318171805937132429e-02
1.422590686905171077e-02
4.317172355609000950e-02
5.774125137166804395e-02
5.579638863426102102e-02
4.085878442000161204e-02
1.978068105625565079e-02
6.294310351767910816e-03
1.786533653055400600e-02
2.393211205752379667e-02
2.215597421831388275e-02
1.480328745688299676e-02
5.657175326310290818e-03
4.528612893307328718e-03
8.294677567138758131e-03
9.099087318583474332e-03
1.094906784562907180e-02
1.650185068990014589e-02
2.200824432081577992e-02
2.427906031624626343e-02
2.206718208762435685e-02
1.610098616335181934e-02
8.167063198585223366e-03
2.909704998301493491e-03
9.084603196993777316e-03
1.497945731744472486e-02
1.907070489269545310e-02
2.076307261765036535e-02
1.923720137546656994e-02
1.454820022936817794e-02
8.703052830305958720e-03
8.572492907283001465e-03
1.265372025965212643e-02
1.390897488435627848e-02
1.080434842855718981e-02
4.594213008106177824e-03
