2.012818317102303411e-01
1.822033580681587384e-01
1.322323088572072702e-01
6.061756730164615664e-02
2.139275748771272967e-02
9.368800986959806287e-02
1.452259236634509121e-01
1.654736881248523861e-01
1.511757887328435690e-01
1.061207809405295688e-01
4.026507747483829003e-02
3.250869519723730700e-02
9.688341257899232839e-02
1.402790079184793870e-01
1.545137609360593411e-01
1.369368398161563694e-01
9.128105907632061422e-02
2.816977159304347514e-02
4.448199914675304845e-02
1.032583030035924415e-01
1.406557629013519828e-01
1.489226166893264369e-01
1.271566916029092664e-01
8.030202673715189365e-02
1.851818346194710266e-02
4.557978008720431351e-02
9.828272886609076830e-02
1.296140953605650903e-01
1.339594656345475254e-01
1.117329523512134160e-01
6.822028529626779358e-02
1.294025744463995001e-02
4.301361699337010597e-02
8.857525530142848491e-02
1.157528351979124348e-01
1.204297584129528642e-01
1.021127124596331315e-01
6.471618367302886532e-02
1.501605049521698501e-02
3.777357269982789534e-02
8.372137156474797337e-02
1.145726364841812839e-01
1.243663592763852438e-01
1.110092340074310402e-01
7.672076491432949785e-02
2.765721310364345834e-02
2.693277465898971657e-02
7.664072981367318904e-02
1.118578589714347010e-01
1.256122895197217537e-01
