1.162933003907502955e-01
1.119058581007249531e-01
8.373083315545717942e-02
3.839399181530363941e-02
1.807471278191313466e-02
6.099467343817982501e-02
8.801775554644689081e-02
9.194997273915668512e-02
7.396137751355716383e-02
4.223351657539965026e-02
8.694823883213720003e-03
2.336153819343399912e-02
3.951929482325317738e-02
4.203533104518313024e-02
3.347373959928212628e-02
1.889317313330915113e-02
4.085686582734102124e-03
9.813810387786621459e-03
1.626252607335659794e-02
1.599300521378498041e-02
1.226726402985392483e-02
1.772571335140540535e-02
3.077113164906727233e-02
4.181158553907389497e-02
4.588322246636462182e-02
4.192768836443565295e-02
3.420851949005460774e-02
3.205308260024451739e-02
3.961367756178752614e-02
4.853891540435251867e-02
5.342391653869010826e-02
5.364566839883354310e-02
4.967746948316555805e-02
4.222949224964609588e-02
3.438827597581099044e-02
3.517888428228750641e-02
4.818850571348152340e-02
6.353990136083337292e-02
7.180025856655966598e-02
6.773765626526975780e-02
5.047915066458485978e-02
2.349082473231208640e-02
8.844570968540802630e-03
3.409352589370746867e-02
5.006493035612149395e-02
5.367618897358918811e-02
4.660518845651892561e-02
3.400700788784206258e-02
2.270347470215030444e-02
1.929521389419235761e-02
