2.327018935167073921e-01
2.125966098801695403e-01
1.526396301194461735e-01
7.106472333330589308e-02
2.418908676828070495e-02
7.819252287545866431e-02
1.032967621748829973e-01
9.132248287217985261e-02
5.124086161935122175e-02
3.478825061002835221e-03
4.353374731135424558e-02
6.555359723305689834e-02
6.141326816843860337e-02
3.571886341272299814e-02
1.180577761039884079e-02
4.039923626210395469e-02
6.158571772564377239e-02
6.460964434366002485e-02
5.074063977771250261e-02
2.706763628443325381e-02
1.049064679345573445e-02
2.285874783467013033e-02
2.921709412535513500e-02
2.342040854162644181e-02
9.400264816677012664e-03
1.454394791995315163e-02
3.152465120783971841e-02
4.232681166330388989e-02
4.404769480573779428e-02
3.704579775269879055e-02
2.462600501627993516e-02
1.317709130395769944e-02
1.312752060044115356e-02
1.848141866279309417e-02
2.133449865835014905e-02
2.297968784339709386e-02
2.599633334152542247e-02
2.946782633780114027e-02
3.035391871327277474e-02
2.701357183303427709e-02
2.063670696820124953e-02
1.514353611073782080e-02
1.451587492967884585e-02
1.674783542693032007e-02
1.862425983076765323e-02
1.981346125681347076e-02
1.962882839495812964e-02
1.645272957276733283e-02
1.118304772577079741e-02
1.434399920052127284e-02
