2.409797535200051133e-01
2.156852193519267491e-01
1.471700955982875592e-01
5.403542706112104271e-02
3.869693033976510238e-02
1.071745059221248103e-01
1.361316401057834080e-01
1.220163227722866200e-01
7.394694329906434382e-02
1.022195249576520436e-02
4.790282689649066894e-02
8.320110464874165557e-02
8.826386850213398250e-02
6.646784644778977458e-02
3.355754682365578306e-02
3.448047262563979504e-02
5.902046766521370363e-02
6.905808297652478445e-02
5.946224451990286125e-02
3.494983235823868883e-02
5.975800488468018500e-03
2.510149461436148727e-02
4.364789020828720167e-02
5.007109944678669183e-02
4.504197999002484271e-02
3.306669265885280040e-02
2.305846485784665903e-02
2.562320846671204896e-02
3.337484167239829908e-02
3.644087030690861678e-02
3.207962030544038445e-02
2.124764705549270910e-02
8.465304739959586544e-03
8.759201521121176906e-03
1.575385397843829041e-02
1.761356598016414893e-02
1.605018035684635525e-02
1.649799063013845588e-02
2.093137796265362796e-02
2.509868805138300990e-02
2.597658472475213726e-02
2.394728189214409900e-02
2.128408852681046987e-02
1.965381200605413256e-02
1.822162928435493850e-02
1.566784033418258670e-02
1.298084579731267896e-02
1.260579936718184482e-02
1.380182192231621009e-02
1.326974193442865060e-02
