2.071116090778340468e-01
1.838705446519335041e-01
1.258288613716438964e-01
4.932825762661369878e-02
2.938706825954911367e-02
8.303297412419188839e-02
1.059922665009004755e-01
9.606360177882045104e-02
6.142815481283839946e-02
1.638966918052018468e-02
2.331862406442922198e-02
4.850339155987122564e-02
5.368634608179153472e-02
4.240279385525390354e-02
2.256373857017654472e-02
2.768527263129628123e-03
1.091895904890536478e-02
1.515002757648983324e-02
1.245655837938266022e-02
8.879717834400316714e-03
8.255843415759512444e-03
6.270065013398039636e-03
5.643709349450221589e-03
1.309111147730776872e-02
2.036543913427752220e-02
2.332811759671982177e-02
2.071072306749759812e-02
1.374824553376494118e-02
8.097474105873725056e-03
7.368120581920383112e-03
7.090623683781065514e-03
3.461525799609339264e-03
7.056155866504073941e-03
1.468000259975936993e-02
1.919152335276038193e-02
1.959391309972576337e-02
1.523248195397708393e-02
1.016941875675449192e-02
7.862125017199994223e-03
6.789222061527401368e-03
2.511236023277159737e-03
5.819364017083323952e-03
1.596929480759382708e-02
2.467600400767575725e-02
2.892491204631776960e-02
2.814037756712928912e-02
2.211904174557006650e-02
1.314249054018421306e-02
8.071505267739729345e-03
1.382132339209753147e-02
