2.046636348113468618e-01
1.756240607355263050e-01
1.104553062861362428e-01
2.740477402053108011e-02
5.101176848659075974e-02
1.028174883700731235e-01
1.170797733338135166e-01
9.281893753496930910e-02
4.248374548033894554e-02
1.751440747115221366e-02
6.406154307570501028e-02
8.645305875532149908e-02
8.050180834465428537e-02
5.133816605657177956e-02
1.682252148843518119e-02
3.321657807628133202e-02
5.564621836969320390e-02
5.846859498638196095e-02
4.328487792797925532e-02
1.607530397079937751e-02
1.362371588744254979e-02
3.701140342770638247e-02
4.826306617287047518e-02
4.565357890594785861e-02
3.155130002028853908e-02
1.064433387919364038e-02
1.122313889647558009e-02
2.830429880357684946e-02
3.791482322870372984e-02
3.923973090625002685e-02
3.457651147965174615e-02
2.983698711192327505e-02
2.981487592949843071e-02
3.151785416913244209e-02
2.742026527902083344e-02
1.519287509817867678e-02
1.149590088236319106e-02
3.407452532447140942e-02
5.514727967719372514e-02
6.647209013828411783e-02
6.379532013730604412e-02
4.627127488115857779e-02
1.675930861736738692e-02
1.731310888452731317e-02
4.621077647095463842e-02
6.191384859250257527e-02
5.916240533277569019e-02
3.902836795786178425e-02
7.499333259238957945e-03
2.767875243282007930e-02
