1.917535381195219213e-01
1.705883412372582453e-01
1.159630044759312195e-01
4.367789440788671235e-02
2.809960228201061755e-02
7.876153400104668467e-02
9.932431365428601167e-02
8.844525748372247809e-02
5.471247360746327171e-02
1.637472992799654872e-02
3.344800559082544006e-02
5.580602482147890842e-02
5.871366849598513848e-02
4.343532152537943336e-02
1.812029833474494006e-02
1.610054743427666996e-02
3.560178895403126598e-02
4.376376889639602141e-02
3.867302686606344936e-02
2.441029642402093441e-02
1.035264394487758234e-02
1.465427693764194059e-02
2.114639143857912490e-02
2.050432194297212643e-02
1.457886914912747897e-02
7.855649888155211841e-03
4.671471409037336944e-03
3.400131131835620792e-03
1.456464991047628924e-03
2.863056835746737982e-03
4.188678027388908348e-03
7.760614746718683295e-03
1.565088551781677190e-02
2.389589872241386359e-02
2.792315234591037990e-02
2.495636058673555979e-02
1.513822208493997325e-02
2.497905735439399401e-03
1.125401506295363105e-02
1.805635318976689038e-02
1.773519845040730930e-02
1.374782404605078522e-02
1.536779229170524841e-02
2.108302332231659637e-02
2.209464985919239177e-02
1.509642283615338434e-02
6.703257602370940246e-03
2.094433810869721427e-02
3.744949606337493603e-02
4.864504956489418275e-02
