1.842165207791262582e-01
1.622122712035285463e-01
1.137806660736817577e-01
5.313428178054917239e-02
7.983779995574884561e-03
4.426641664767778928e-02
5.889039734098708984e-02
4.971792344786733764e-02
2.552183849391188517e-02
1.602675054658883949e-02
3.590832433816366215e-02
4.565603031143415647e-02
4.057022800119377409e-02
2.444419385193690245e-02
5.168558965810759673e-03
1.297981670544781987e-02
2.124588820771807635e-02
2.147414860046483950e-02
2.024370213093842213e-02
2.592368821978880550e-02
3.455840486871629424e-02
3.924683096086476614e-02
3.727338947792917939e-02
2.915096443396114623e-02
1.787897146608745727e-02
7.481276275116686622e-03
2.587253547639463587e-03
6.363559442885524664e-03
1.511429531244678180e-02
2.731662080677753693e-02
3.867053562127850674e-02
4.489160160855960868e-02
4.359250259942843569e-02
3.553299364592869131e-02
2.443793088936482144e-02
1.733336939795278656e-02
1.834085392316991969e-02
2.046329585994504513e-02
1.929897421490255754e-02
1.545427167972956983e-02
1.086926062779801361e-02
7.493641776115232515e-03
8.280451371598360893e-03
1.300554132059939492e-02
1.782740623368168562e-02
2.038526084320662485e-02
1.999895658824414266e-02
1.711160559627635663e-02
1.340883672154061755e-02
1.090414137159955235e-02
