2.216927262377816066e-01
1.971376209916473610e-01
1.352151076542332242e-01
5.329924136761234749e-02
3.132053367098495272e-02
8.720058593204944863e-02
1.087567744907126793e-01
9.358849164534795151e-02
5.162205935098638371e-02
1.182827741161909113e-02
5.049990686381089500e-02
7.626855962427749047e-02
7.760106435620311993e-02
5.887887202982923507e-02
3.496148642119378813e-02
3.461961802047280878e-02
5.035813074622154384e-02
5.714355899550081774e-02
5.003851162994005231e-02
3.229503109415068907e-02
1.525464584012335353e-02
2.393221693126991109e-02
3.725610695558019547e-02
4.125880539431564520e-02
3.536182329197139207e-02
2.526434691330443558e-02
2.457093037528038440e-02
3.622075504285099390e-02
4.625791805561334236e-02
4.839182483712550081e-02
4.145236306084436329e-02
2.784699434464990575e-02
1.196278094302413372e-02
8.306210909190805611e-03
1.878293456093089661e-02
2.560900020906666658e-02
2.808316887466313222e-02
2.772464763253891171e-02
2.606083424784242861e-02
2.328010788856869212e-02
1.878989142697375797e-02
1.370488422965563877e-02
1.290524571862699046e-02
1.673766886485088951e-02
1.865234475047398977e-02
1.524197127820547427e-02
9.357379063219251752e-03
1.616523735124634348e-02
3.022942072698866361e-02
4.225135885841433542e-02
