1.938222793751160911e-01
1.571718724101754394e-01
8.798545070490601527e-02
2.584611315984864863e-02
1.374805898220234426e-02
2.376692199882983469e-02
2.623649457958652370e-02
3.245397148029534329e-02
4.105926422267887343e-02
4.251351132761180263e-02
3.110790109071855450e-02
1.292756711227374330e-02
7.853661355232691849e-03
9.531211312630511259e-03
1.328759705721162775e-02
1.563031792659157898e-02
2.538210367881684262e-02
4.583011816741655586e-02
5.166492068734331727e-02
3.643341103188078162e-02
1.545095620771276025e-02
1.631405782916675248e-02
2.221428699911408983e-02
2.098758195784196021e-02
1.785453050217298415e-02
2.078871276713049193e-02
2.742173037583609668e-02
2.795982362728476403e-02
1.715673727405489513e-02
8.371866904490130740e-03
2.471774768755929247e-02
3.339240392187637491e-02
2.806189227404207176e-02
1.488856614382515556e-02
1.106008701110504193e-02
1.812553463648001323e-02
1.633761908945902813e-02
1.814888874821252857e-02
4.574822699319032460e-02
6.846417536553257854e-02
7.246740456054959201e-02
5.618846623881825625e-02
2.790849059657682374e-02
1.166862070207646922e-02
1.252639212819533707e-02
2.037290589676112387e-02
3.772170607598762659e-02
4.403454592601270534e-02
3.839657229916462050e-02
3.747762916784060094e-02
