2.055124452762020493e-01
1.921161046895874247e-01
1.428807125299224046e-01
7.199208021057905416e-02
4.990540442605379337e-03
6.078527838590188498e-02
9.141429918679491728e-02
9.048321824021346438e-02
6.328157437709623634e-02
2.205661016259646140e-02
2.158274266130492253e-02
5.169971641928670231e-02
6.430141447097570406e-02
5.888091536998676240e-02
4.064652925457352961e-02
2.031628009305401494e-02
2.212253851255097103e-02
3.576970439991405265e-02
4.136657005766165157e-02
3.603830031964010139e-02
2.189676227031153721e-02
8.393653187892178430e-03
2.177437493586860395e-02
3.581497546824322087e-02
4.126291637904794946e-02
3.699156053973563785e-02
2.620406531171524250e-02
1.843919477562416115e-02
2.424923539038219625e-02
3.315285996802237040e-02
3.720834183719985699e-02
3.597555830232851415e-02
3.226104541444183016e-02
2.872299519437789342e-02
2.549751022662952171e-02
2.139109428586341566e-02
1.647414164929374841e-02
1.451716999478459835e-02
1.978993711859149129e-02
2.838059207823443592e-02
3.532419444428684663e-02
3.728975936214691533e-02
3.228845709207780329e-02
2.010852120529491721e-02
2.917396913560498135e-03
1.508630419627908156e-02
2.865295327542268650e-02
3.368366230415760498e-02
2.881481177624070633e-02
1.615700275637483446e-02
