1.644771985006235338e-01
1.512944521707662582e-01
1.116971162853366284e-01
5.321313671729048511e-02
1.359172283819417258e-02
7.364826514280158054e-02
1.170091342760675446e-01
1.351843315635526122e-01
1.251049620359519499e-01
8.912498964048984340e-02
3.488447139750950471e-02
2.642986468429446914e-02
8.174200982268320370e-02
1.197545375249720878e-01
1.328992734370477158e-01
1.188234534440808093e-01
8.086940976820246318e-02
2.721514940298326232e-02
3.149842864460768860e-02
8.229702720284849671e-02
1.157975922556574722e-01
1.252503052243357506e-01
1.092964613436255145e-01
7.137760690472030878e-02
2.131952212356078707e-02
3.880216162179779549e-02
8.467990605881864363e-02
1.134035586063851520e-01
1.192162008474154239e-01
1.016284157607338090e-01
6.528617148605525555e-02
2.301637079860288648e-02
4.204560231046596680e-02
8.283898046959189965e-02
1.094527430791412820e-01
1.156381769328511944e-01
1.007708158398803872e-01
6.791857455089424234e-02
2.500946120312999565e-02
3.073405698263533686e-02
7.211944934122924145e-02
1.012405327173087344e-01
1.112526026285989289e-01
1.000885592443892663e-01
6.967869220130361307e-02
2.771850017679509254e-02
2.807484807651267761e-02
6.958553752283160032e-02
9.900085868592412019e-02
1.089480778437313252e-01
