1.800993956673440644e-01
1.549963330034859754e-01
1.000860221220918611e-01
3.343930567443722385e-02
4.090373778769613305e-02
8.496998580969220005e-02
1.013425248608303131e-01
8.884960899644160637e-02
5.602634552348999264e-02
2.127827130242751844e-02
3.295316041034716814e-02
5.256268725356796206e-02
5.601144651279688080e-02
4.307473269497012758e-02
1.986021971528384097e-02
1.000593137055813368e-02
3.014258607569877263e-02
4.262884420757792614e-02
4.391097960292162511e-02
3.570229011217721654e-02
2.168393618759952707e-02
5.676673360364569917e-03
8.240498973974963795e-03
1.711269966409323384e-02
1.992362676242728434e-02
1.690348855421095961e-02
1.188687944671988628e-02
1.074365705545742011e-02
1.522325450080717034e-02
1.911050936521397833e-02
2.048224270879397610e-02
1.993298575334169834e-02
1.981048927353218359e-02
2.202656626241602383e-02
2.360607470322150306e-02
2.285043574993407892e-02
1.927061144206946089e-02
1.407209298715572654e-02
8.543359787147547166e-03
4.311120605230889594e-03
1.462240716498865948e-03
9.170908667422877133e-04
3.014297225527083103e-03
5.051372017578014718e-03
7.183022241773086639e-03
8.792859347882911805e-03
1.038877049993082967e-02
1.292772316808301659e-02
1.617441436077835665e-02
1.967529815352709807e-02
