2.215499825799284450e-01
1.895244079646761226e-01
1.215865132318671715e-01
3.842610699557068299e-02
3.676776405420847937e-02
8.541106332272829782e-02
9.767224305321614564e-02
7.591953744615517752e-02
3.217774093092880955e-02
1.742924391445902985e-02
5.771594809108786250e-02
7.706107955720346847e-02
7.436891168511977623e-02
5.550529798150546229e-02
3.818364458946722773e-02
4.281033992285204759e-02
5.588481395983933842e-02
5.950062716500949256e-02
5.013929977682114736e-02
3.037895839981594182e-02
1.112355914037072881e-02
2.983180670889743966e-02
5.043317494574926091e-02
6.085957067192492020e-02
5.804551254078802597e-02
4.312215214609492475e-02
2.275521916879631040e-02
2.419165912305581978e-02
4.570763852488012036e-02
6.093678621846097127e-02
6.282111955381780577e-02
5.116275167627937215e-02
3.019590076663935044e-02
1.153131722056766409e-02
2.406902675954129475e-02
3.730058245273663864e-02
3.835960980502803319e-02
2.828195923093636613e-02
1.253774876763233750e-02
1.693593465423237979e-02
3.181457443085485004e-02
3.871258294347242057e-02
3.524857469295555878e-02
2.101822087899759758e-02
6.873612824997521117e-03
2.663869948772342594e-02
4.613542770916397723e-02
5.741648464671985502e-02
5.537325341663358602e-02
3.992818077887472228e-02
