2.334292070797825969e-01
2.195981448100879641e-01
1.630792155403869292e-01
7.927598706271479778e-02
2.034076339239555484e-02
8.495336703325349903e-02
1.203805471625741391e-01
1.167818598614591974e-01
8.316378424436390859e-02
4.405087639611336703e-02
4.820738637859846298e-02
7.149440102450629886e-02
7.601709487176207258e-02
5.837023523718115614e-02
2.721556371994828319e-02
2.045378087778894349e-02
4.807949945706534167e-02
6.674489105709632830e-02
7.452030540175991202e-02
7.437295737101037862e-02
6.867735334464500352e-02
5.701642600069253136e-02
4.058387560818056683e-02
2.764480899702575004e-02
2.936785854111120808e-02
3.633006708461906237e-02
3.602614856846837743e-02
2.659931195145875948e-02
1.390834808798220058e-02
1.655929292786811197e-02
2.757796116086353583e-02
3.309184165682167028e-02
3.114183918421549110e-02
2.442360272561549736e-02
1.751649428509802903e-02
1.394699613378351868e-02
1.132215531422441079e-02
5.957669352626766834e-03
4.745590687950907230e-03
1.400686431709450772e-02
2.207393664201955444e-02
2.603676219627739513e-02
2.505955976346254180e-02
2.185064822588980368e-02
2.478902813205561412e-02
3.601047455711495898e-02
4.780222607955394998e-02
5.354293441300974482e-02
5.006356847762692686e-02
3.645551819498231427e-02
