2.057759961484880995e-01
1.964057830988014952e-01
1.502290029250921699e-01
8.002704807412910903e-02
6.865265707114785732e-03
5.844106510166206109e-02
9.282698557643362380e-02
9.436709409271801241e-02
6.779275808236683021e-02
2.706218673862763671e-02
2.601433097112717391e-02
5.513165246785737411e-02
6.582914906833046975e-02
5.561772506324304255e-02
3.026794019741273906e-02
7.257560897738569820e-03
3.018981644408106485e-02
4.564974600115461606e-02
4.741437394970598324e-02
3.841440799845095150e-02
2.802427987598608145e-02
2.746839836835044887e-02
3.179492275487555419e-02
3.025325438811723305e-02
2.066646528707231575e-02
7.256867235911017462e-03
1.156626763387511199e-02
2.113461907663979206e-02
2.349527348581269964e-02
1.846934356394756491e-02
9.134870849897159389e-03
7.122944944968108080e-03
1.416784339563074632e-02
1.739900209834472147e-02
1.546572731219994848e-02
9.845712622692591454e-03
4.710354960031264485e-03
6.517043045289191809e-03
8.657356893594819400e-03
7.218876509558708535e-03
2.686444637196577691e-03
4.515331607414408734e-03
1.068540177521305756e-02
1.454466597657812742e-02
1.486337189174877747e-02
1.155463738492248926e-02
6.283812465996180610e-03
5.415521424564606959e-03
1.059565906692417833e-02
1.494828431935766276e-02
