1.678871391280776226e-01
1.515549805903743941e-01
1.026531382602461767e-01
3.466636297557749991e-02
3.399642038274872102e-02
8.481652363561449637e-02
1.059034573209611529e-01
9.443245442437495085e-02
5.837470234639087485e-02
2.060467775752554409e-02
4.525892623499629119e-02
7.356056157662867190e-02
8.108937751914831182e-02
6.754363868391818904e-02
3.981017885095224085e-02
1.755542543998991553e-02
3.664967480821722245e-02
5.608234243297190169e-02
6.172668471138624546e-02
5.285971627898253949e-02
3.261689155363386994e-02
8.383972264086332615e-03
1.902620006513599388e-02
3.604906681160231080e-02
4.226754290256926755e-02
3.657260211893553076e-02
2.174302046928321824e-02
1.087896256835139616e-02
2.384643817902019902e-02
3.446669793413646016e-02
3.428222673260986064e-02
2.322570294426271054e-02
7.549939667593463452e-03
1.876142058624236802e-02
3.391690761176256730e-02
4.009612879999631396e-02
3.640395498234248045e-02
2.812136612536782557e-02
2.483440489923965239e-02
2.862293403420380217e-02
3.006080025493862440e-02
2.385301647677683795e-02
1.089971691496693235e-02
5.004787443974608938e-03
1.852638519312427637e-02
2.559220230663507983e-02
2.406146289191642834e-02
1.493043026286517728e-02
1.438502621048485131e-03
1.214850626021154664e-02
