2.392148725629344719e-01
2.100037593895362487e-01
1.440982979222771854e-01
5.994642047355377285e-02
2.027341200377282340e-02
7.706135438210204303e-02
9.977807220118298237e-02
8.881817505832610704e-02
5.389166136993586015e-02
1.126592643163150040e-02
2.760656003425054211e-02
4.708424174094814896e-02
4.597043869304408281e-02
2.832029810308026724e-02
6.733827437575281953e-03
2.302576970158387235e-02
3.653121855791890277e-02
3.650317330557957540e-02
2.435016129624060360e-02
5.547854222006407682e-03
1.326010510885691773e-02
2.491935436047769403e-02
2.689542697211650540e-02
2.070158858439496291e-02
1.625606148452789224e-02
2.460895104706529307e-02
3.503252144202877172e-02
3.992666051196778337e-02
3.769995208273296816e-02
2.930472147319710882e-02
1.721113323695626016e-02
7.840039849081459691e-03
1.367719878873735126e-02
2.029933574757657525e-02
2.096892315110255450e-02
1.520275139145895946e-02
7.007206806379656823e-03
1.120991223710824519e-02
1.940072683617778682e-02
2.224067329743717111e-02
1.756863127799205768e-02
9.324658473567936159e-03
1.465748058201217854e-02
2.585533096765920552e-02
3.062694984052779026e-02
2.518167755635427468e-02
9.855157873036675745e-03
1.229727331041298444e-02
3.434529781698457407e-02
5.044960477576400371e-02
