1.889481341419438909e-01
1.779388819459062632e-01
1.310108986271079357e-01
7.195528881360176154e-02
2.550214288936974993e-02
9.846830647556514479e-03
7.505764540232946758e-03
6.793671146295724057e-03
1.430360266721073491e-02
2.622835776503559119e-02
3.006719598040115057e-02
2.426773255636175547e-02
2.476153909174439241e-02
4.233832209426077048e-02
5.783914724521912326e-02
6.135860396061795091e-02
5.340475047644268475e-02
3.776933770303432525e-02
1.984290038254174493e-02
5.304065661103541003e-03
1.242784760482645162e-02
2.496937556480911119e-02
2.567951249276966344e-02
1.463172044959335297e-02
5.787597967172227083e-03
1.076265906837354548e-02
3.082790536767352971e-02
5.189103189643452796e-02
5.661290043777734982e-02
3.743896954140167599e-02
1.157077150266132455e-02
2.687605961037535171e-02
3.979852413303866521e-02
4.128222571269415941e-02
3.748858664500150095e-02
2.827338971766643616e-02
7.994697070017868501e-03
1.869602837491168845e-02
4.010015822019162568e-02
5.447977753294584030e-02
6.008239881195563681e-02
4.930463742590083381e-02
4.100206694844834437e-02
4.871679896262323672e-02
4.247166965166591229e-02
2.021461680349272497e-02
4.176060253736396145e-03
9.198807982467499533e-03
2.283492125737713110e-02
3.664637614074420235e-02
