2.173643262479144078e-01
1.891812846741917631e-01
1.009851065668977421e-01
1.733558927344724943e-02
6.265991746694402065e-02
6.673245277267500497e-02
4.120466351133954264e-02
2.965593699461640392e-02
3.525576278474619463e-02
3.725100466905541252e-02
3.654703954264456461e-02
3.012099968881468137e-02
1.742935324861416904e-02
7.660958929416243450e-03
1.109920021346257057e-02
1.759151915896430343e-02
1.492366509155596509e-02
1.263764612501148618e-02
2.796094196526880890e-02
3.446375867010657845e-02
2.696546393804518521e-02
1.188049404043408155e-02
3.725846549241807089e-03
1.226272571997590738e-02
2.527013424575335135e-02
4.611232495331187009e-02
5.778913873740017249e-02
5.047792495317464379e-02
3.836656247749563320e-02
4.342949763879848379e-02
4.370057898340933000e-02
2.535717995784891876e-02
1.004593727451201859e-02
2.471384090445391188e-02
2.817926892937163558e-02
2.265129643247884919e-02
1.746853040836872720e-02
1.367336335405086069e-02
9.519076416755886325e-03
1.982691598988000486e-02
3.399900451537719859e-02
3.478222936149304861e-02
2.132704079287061141e-02
7.744212007254502872e-03
1.556825623997441441e-02
4.085599117913198131e-02
6.192794254505301632e-02
6.347126628450008856e-02
4.581884197167103434e-02
2.976045713952860799e-02
