2.102636017270159974e-01
1.896741626808703951e-01
1.326726032794342536e-01
5.474303066909965571e-02
2.869543029066283155e-02
8.643803730704879840e-02
1.115093181910572773e-01
1.007960536794483275e-01
6.144065895150455786e-02
9.823215448909506514e-03
3.870303208779328485e-02
6.754030465567835428e-02
7.139110651199524760e-02
5.259230359474288685e-02
2.309120312829974347e-02
2.493026927071485474e-02
4.714038767209755010e-02
5.508075158565702706e-02
4.650426682604669182e-02
2.658986479818286480e-02
9.603211924834948593e-03
2.227440729522525004e-02
3.229965971491834120e-02
3.131321488523768071e-02
2.144362831517439283e-02
1.143426743285516980e-02
1.537703877019253561e-02
2.191883993482864751e-02
2.107085033440978666e-02
1.253897116713205938e-02
5.361236681662303119e-03
2.037160846789341090e-02
3.395943574119032748e-02
4.122622240893066003e-02
4.089626239802580943e-02
3.358137490411711168e-02
2.509995485345196259e-02
2.481830614189029643e-02
3.111089777948827795e-02
3.503768551270390608e-02
3.262307361167644804e-02
2.455459608001067315e-02
1.313221211855441009e-02
3.248658984813609756e-03
5.194776585195868233e-03
9.510662903031982113e-03
1.421813725734922748e-02
1.994450124734595958e-02
2.562593164706332069e-02
3.015689513600202515e-02
