1.816620065058512090e-01
1.551395137727106244e-01
1.048984312267377678e-01
4.500051391607159945e-02
1.242324245371882394e-02
5.128365568021041321e-02
7.008277926544434488e-02
6.851096639172946090e-02
5.185525267868802690e-02
2.834948061428824856e-02
1.430704095813790586e-02
2.594843268425408092e-02
3.618854433199741177e-02
3.939608683098212022e-02
3.770788688053917925e-02
3.496736557945762103e-02
3.361750541446849316e-02
3.256031023266640900e-02
2.984383169521900858e-02
2.559843980597053051e-02
2.311279244321154738e-02
2.668685638151710449e-02
3.298888553347840286e-02
3.609613887398336468e-02
3.359668303340317130e-02
2.648423146952921109e-02
1.983133218140478021e-02
1.995593659859150326e-02
2.368831987358311492e-02
2.453048607641026765e-02
2.068980048026265034e-02
1.495811695430798206e-02
1.420870395896198755e-02
1.839069394927973777e-02
2.023991065544050380e-02
1.667812263233089606e-02
8.622982486870657895e-03
1.040152525447250384e-02
2.215893983037813680e-02
3.035482676845061012e-02
3.098222728539161072e-02
2.339416721723960868e-02
1.040759678342366087e-02
3.267348452305751660e-03
1.273733598043433855e-02
1.490928188365817607e-02
1.019387765691561094e-02
1.108408159783389954e-02
2.346702901438784544e-02
3.425213938300898653e-02
