2.118062028904096894e-01
1.859003579715774457e-01
1.235664537969650284e-01
4.297221747473720099e-02
3.400970926342204714e-02
8.636483413883547233e-02
1.038279987046316633e-01
8.642940661429107663e-02
4.455908853937105840e-02
5.934575854874628645e-03
4.616054786803144155e-02
6.630589412402669580e-02
6.231334328916567078e-02
3.951636449063229695e-02
8.932694526633129170e-03
1.870869157109679090e-02
3.393236591622152132e-02
3.513204649316565426e-02
2.571677130621387655e-02
1.246214569302196359e-02
2.573000765755863433e-03
5.597666097377545537e-03
7.735997606348759929e-03
9.395858441834731983e-03
1.094063130452651786e-02
1.079907293682945239e-02
8.852204551463729518e-03
6.307093220145397298e-03
5.415907431554372285e-03
9.005245338700326729e-03
1.427711522796863176e-02
1.783987157938554668e-02
1.726131113887572135e-02
1.213747914084381541e-02
4.047517584545979805e-03
4.314734560084136812e-03
9.838264676231328956e-03
1.164984833985508068e-02
1.151006893273201492e-02
1.335850127110160823e-02
1.794005922527546273e-02
2.205025769049932458e-02
2.367751517655455190e-02
2.256664100576342286e-02
1.983546961146211846e-02
1.657006582746960166e-02
1.336136990498077749e-02
9.824788549569944338e-03
5.604718257119970133e-03
1.709636380964512595e-03
